1246166
97319
77947
77310
74708
63772
63126
62052
57783
57199
56039
51806
50756
50454
49888
47100
47078
46624
43576
42283
39090
37158
36217
35203
33229
33046
32858
31938
31551
29653
29275
28226
27576
26399
25460
24195
23889
23005
22525
21815
21786
21212
20557
19972
19736
19404
19333
19227
19140
18014
17555
17456
17131
17115
17078
17064
16906
16668
16368
16232
16197
15060
14984
14693
14609
14533
14420
14288
13617
13544
13284
13118
13036
12997
12649
12208
12090
11919
11569
11458
11427
11312
11271
10669
10498
10352
10350
10304
10150
10095
10024
9847
9737
9513
9407
9267
9212
9190
8899
8794
8752
8685
8526
8431
8380
8309
8234
8090
8057
8057
7995
7852
7851
7792
7575
7544
7413
7244
7192
7138
7090
7066
7012
6982
6971
6966
6962
6926
6896
6868
6828
6827
6741
6703
6685
6669
6650
6612
6585
6512
6504
6474
6459
6390
6304
6276
6267
6125
6064
6047
5998
5985
5884
5803
5750
5702
5696
5677
5641
5627
5605
5589
5561
5558
5539
5514
5488
5479
5427
5399
5376
5370
5354
5346
5345
5339
5324
5318
5301
5259
5259
5255
5199
5154
5073
5069
5041
5018
5003
4947
4937
4926
4908
4901
4898
4893
4892
4870
4867
4839
4776
4739
4729
4723
4720
4705
4680
4674
4663
4648
4640
4633
4558
4554
4552
4542
4537
4525
4469
4459
4457
4436
4428
4425
4405
4391
4345
4343
4325
4274
4235
4232
4217
4212
4188
4167
4138
4136
4126
4120
4114
4071
4050
4024
4006
3998
3984
3971
3947
3941
3938
3934
3897
3886
3878
3871
3866
3821
3798
3791
3754
3753
3727
3717
3713
3709
3689
3675
3672
3659
3649
3631
3631
3587
3568
3557
3552
3544
3541
3460
3421
3421
3393
3390
3386
3375
3375
3343
3315
3309
3300
3286
3268
3264
3252
3244
3238
3221
3201
3191
3164
3160
3129
3100
3099
3084
3065
3065
3061
3041
3039
3029
3028
3026
3008
2989
2954
2952
2945
2917
2916
2895
2872
2868
2865
2860
2859
2848
2823
2818
2813
2808
2805
2794
2788
2786
2785
2780
2756
2754
2749
2749
2743
2740
2736
2689
2678
2656
2654
2651
2635
2628
2621
2611
2597
2587
2577
2574
2561
2561
2554
2551
2531
2523
2516
2492
2488
2485
2477
2477
2468
2460
2455
2449
2444
2444
2442
2438
2437
2427
2420
2419
2418
2414
2391
2386
2384
2383
2377
2376
2346
2323
2322
2312
2310
2308
2302
2301
2299
2291
2288
2271
2248
2240
2238
2235
2224
2221
2220
2220
2217
2207
2207
2203
2201
2183
2182
2176
2170
2159
2156
2128
2118
2104
2094
2077
2073
2066
2066
2063
2062
2057
2053
2048
2040
2040
2030
2021
2011
2009
2003
1999
1997
1997
1995
1992
1990
1980
1969
1969
1957
1954
1953
1945
1945
1943
1941
1937
1933
1931
1912
1912
1912
1911
1903
1902
1901
1896
1895
1883
1882
1871
1870
1868
1859
1855
1853
1849
1846
1842
1835
1823
1814
1810
1808
1808
1806
1801
1800
1800
1799
1797
1795
1794
1789
1784
1780
1774
1766
1761
1758
1748
1747
1742
1740
1733
1721
1720
1708
1706
1701
1696
1693
1692
1689
1687
1687
1687
1674
1673
1672
1670
1669
1667
1660
1659
1652
1650
1639
1637
1637
1631
1630
1629
1619
1613
1612
1612
1606
1605
1599
1596
1592
1591
1589
1587
1586
1580
1577
1565
1563
1561
1555
1554
1551
1550
1549
1524
1519
1516
1514
1510
1501
1499
1498
1496
1494
1493
1492
1491
1490
1488
1481
1480
1479
1479
1469
1468
1463
1462
1461
1459
1457
1454
1450
1450
1445
1439
1438
1437
1430
1426
1424
1421
1418
1415
1414
1412
1408
1408
1405
1404
1401
1401
1399
1393
1391
1389
1385
1382
1380
1379
1377
1373
1367
1367
1366
1365
1360
1357
1354
1354
1353
1353
1352
1350
1350
1348
1344
1338
1337
1337
1333
1330
1328
1327
1319
1312
1306
1302
1293
1291
1291
1286
1284
1280
1280
1278
1278
1269
1263
1263
1254
1251
1244
1243
1243
1242
1241
1241
1237
1235
1235
1234
1232
1229
1227
1226
1226
1225
1211
1211
1211
1209
1208
1208
1205
1202
1195
1189
1186
1184
1184
1182
1181
1181
1180
1179
1177
1177
1171
1168
1167
1165
1164
1161
1157
1157
1156
1155
1153
1150
1148
1148
1146
1143
1143
1141
1138
1136
1134
1133
1132
1132
1130
1122
1122
1121
1118
1117
1116
1115
1114
1112
1109
1107
1105
1099
1097
1096
1094
1094
1090
1090
1089
1088
1087
1083
1082
1081
1080
1079
1079
1078
1076
1076
1076
1075
1074
1074
1074
1069
1067
1067
1065
1063
1063
1062
1056
1056
1055
1053
1050
1049
1049
1049
1049
1048
1046
1037
1035
1035
1033
1030
1030
1028
1027
1026
1025
1024
1022
1021
1019
1010
1007
1006
1006
1003
1003
1000
998
996
994
994
994
994
992
990
987
987
985
981
980
976
974
972
972
970
969
968
964
963
958
957
954
953
951
950
946
944
942
940
940
940
939
939
938
938
937
937
937
936
935
932
932
931
930
922
920
917
916
915
912
911
911
908
907
906
904
903
903
901
899
899
898
898
897
896
895
895
895
894
891
891
890
890
888
886
885
884
882
882
881
881
879
878
877
873
869
868
868
865
861
859
858
856
855
855
853
852
852
848
847
846
846
844
843
843
842
841
840
836
827
823
821
814
813
813
811
809
808
806
800
800
799
798
798
796
796
796
796
794
793
793
791
790
789
789
789
788
788
787
783
780
780
777
776
775
772
772
772
771
768
767
766
764
762
761
760
758
757
755
754
754
752
748
747
745
745
743
743
742
742
741
738
736
736
736
736
734
733
733
731
728
725
725
723
721
721
721
720
720
719
719
719
719
718
717
717
717
716
712
712
711
711
710
709
708
705
705
705
703
700
700
699
697
697
696
695
694
691
691
691
691
690
690
689
689
688
688
687
687
686
684
684
681
681
680
680
679
677
677
677
677
676
674
674
673
670
670
668
668
667
666
665
664
663
660
660
659
658
658
657
657
655
654
652
652
651
649
648
648
647
647
646
646
645
643
642
642
642
642
642
640
640
640
638
637
636
636
635
635
634
633
632
632
632
632
631
631
631
629
629
628
628
628
626
625
623
623
620
620
619
619
619
618
617
615
615
615
615
615
613
613
612
612
611
610
610
609
609
607
606
606
604
602
598
598
596
596
596
595
595
595
594
593
591
591
591
590
589
589
587
585
585
585
584
582
582
581
581
581
580
578
576
575
575
574
572
571
569
569
569
568
566
566
565
565
563
561
557
556
556
555
555
555
553
553
552
551
550
548
548
548
546
545
543
543
542
540
538
537
537
537
536
535
534
533
533
532
532
531
531
530
529
528
528
527
527
526
525
525
525
524
522
522
522
521
520
519
519
519
519
519
518
518
518
517
515
514
514
513
513
512
512
512
512
511
510
509
509
508
507
506
505
504
504
502
501
500
500
498
497
496
496
496
496
496
495
495
494
494
494
493
491
490
490
488
487
485
484
484
483
483
483
482
482
481
481
481
481
479
479
478
478
477
477
477
476
475
474
474
473
473
471
471
471
468
468
467
465
465
464
464
462
462
462
461
461
459
459
457
456
456
455
454
454
454
453
453
453
453
452
452
452
452
452
451
451
451
451
450
450
450
449
448
448
447
447
446
444
444
443
442
442
441
439
439
438
436
436
435
435
434
434
433
433
432
431
431
430
429
428
428
427
427
425
425
425
424
424
424
424
424
424
423
422
421
421
420
420
420
420
419
419
419
419
419
418
418
418
417
416
416
415
414
414
414
413
412
412
411
410
410
410
409
409
409
408
407
407
407
406
406
406
405
405
405
404
403
402
402
402
402
401
401
400
400
400
400
400
399
399
398
398
398
397
397
397
397
397
396
395
394
394
393
392
391
391
391
391
391
390
390
390
390
389
389
389
389
389
387
387
386
386
386
385
385
384
384
384
384
384
383
383
383
382
382
382
381
381
381
380
380
380
380
380
379
378
378
378
377
377
377
377
377
375
374
374
374
373
373
373
372
372
371
371
371
370
370
369
369
369
369
369
369
368
368
368
367
367
366
366
365
365
364
363
363
363
363
362
362
361
361
361
361
360
360
360
359
357
356
356
355
353
353
352
351
351
351
350
350
350
350
350
350
349
349
349
349
349
349
348
348
348
347
347
346
346
346
345
345
344
344
344
344
344
344
343
343
342
341
341
339
339
337
337
336
336
336
335
335
335
335
334
333
333
332
332
332
331
331
331
331
330
330
329
329
329
329
328
328
328
328
328
328
328
328
327
327
327
327
327
327
327
327
327
327
326
326
326
325
325
325
324
324
324
324
324
323
323
323
323
323
323
323
322
322
322
322
321
321
320
320
320
320
320
320
320
320
320
320
319
319
319
319
319
319
318
318
318
317
317
317
317
317
316
316
315
315
315
315
315
314
314
314
314
313
313
313
313
313
312
311
311
310
310
310
309
309
309
309
309
308
308
308
308
308
308
307
307
306
306
306
306
306
305
305
305
305
304
304
304
303
303
302
302
302
302
302
301
301
301
301
301
300
299
299
298
297
297
297
297
297
296
296
295
295
295
295
295
295
294
294
294
294
294
294
293
293
292
292
292
291
290
290
289
289
289
289
289
288
288
288
288
288
288
287
287
287
287
287
286
286
286
286
286
286
285
285
285
285
285
285
285
285
285
284
284
284
283
283
283
283
283
283
282
282
282
282
281
281
280
280
280
280
280
280
279
278
278
278
278
278
278
278
277
277
277
277
277
276
275
275
275
275
274
274
274
274
274
273
272
272
271
271
271
271
270
270
270
270
269
269
269
269
269
269
268
268
268
268
267
267
267
267
267
266
265
265
265
264
264
263
263
263
263
263
263
262
262
262
262
261
261
261
261
261
261
261
260
260
260
260
260
260
260
260
259
259
259
259
259
259
258
258
258
258
257
257
257
257
256
256
255
255
255
255
255
255
255
255
255
255
255
255
255
254
254
254
254
253
253
253
253
252
252
252
252
252
251
251
251
251
251
251
251
250
250
250
250
249
249
249
249
249
249
249
249
248
248
248
248
248
247
247
247
247
246
246
246
246
246
246
246
246
245
245
244
243
243
243
243
242
242
241
241
241
241
241
240
240
240
240
240
240
240
239
239
239
239
239
238
238
238
238
238
238
237
237
237
237
236
236
236
236
235
235
235
234
234
234
234
234
233
233
233
233
232
232
232
232
232
232
232
232
231
231
231
230
230
230
230
230
230
230
228
228
228
227
227
227
227
227
227
227
226
226
226
225
225
225
225
225
225
224
224
224
224
224
224
224
223
223
223
223
223
223
222
222
222
222
221
221
221
221
221
220
220
220
220
220
220
219
219
219
219
218
218
218
218
218
217
217
216
216
216
216
216
215
214
214
214
214
214
214
213
213
213
213
213
212
212
212
212
212
212
212
212
212
212
212
211
211
211
211
211
211
211
210
210
210
210
210
209
209
209
208
208
208
207
207
207
207
207
207
207
207
207
206
206
206
206
206
206
206
206
205
205
205
205
205
205
205
204
204
204
204
204
203
203
203
203
202
202
202
202
202
201
201
201
201
200
200
200
200
200
200
200
199
199
199
199
199
199
198
198
198
197
197
197
197
197
196
196
196
196
196
196
196
196
195
195
195
195
195
194
194
194
194
194
194
194
193
193
193
193
193
193
193
193
193
193
192
192
192
192
192
192
191
191
191
191
191
191
191
191
191
191
190
190
190
190
190
190
190
190
190
190
190
189
189
189
189
189
189
188
188
188
188
188
188
187
187
187
187
187
187
187
186
186
186
186
186
186
186
186
185
185
185
185
185
185
185
185
185
184
184
184
184
184
184
184
183
183
183
183
183
183
183
183
182
182
182
182
182
181
181
181
181
181
181
181
181
181
181
180
180
180
180
180
180
180
180
180
180
180
180
180
179
179
179
179
179
178
178
178
178
178
178
177
177
177
177
177
177
176
176
176
176
176
176
176
176
176
176
176
176
175
175
175
175
175
174
174
174
174
174
174
173
173
173
173
173
173
173
173
173
172
172
172
172
172
171
171
171
171
171
171
171
171
170
170
170
170
170
170
170
170
169
169
169
169
169
169
169
169
169
169
168
168
168
168
167
167
167
167
167
167
166
166
166
166
166
166
166
166
166
166
166
165
165
165
165
165
165
164
164
164
163
163
163
163
163
163
162
162
162
161
161
161
161
161
161
161
161
160
160
160
160
160
160
159
159
159
159
159
159
159
159
158
158
158
158
158
158
157
157
157
157
157
157
157
157
157
157
157
157
156
156
156
156
156
156
156
155
155
155
155
155
155
154
154
154
154
154
153
153
153
153
153
153
153
153
153
153
152
152
152
152
152
152
152
152
152
152
152
152
152
152
152
151
151
151
151
151
151
151
150
150
150
150
150
150
150
149
149
149
149
149
149
149
149
149
149
149
148
148
148
148
148
147
147
147
147
147
147
146
146
146
146
146
146
146
146
146
146
146
146
146
145
145
145
145
145
145
145
145
145
145
145
144
144
144
144
144
144
144
143
143
143
143
143
143
143
142
142
142
142
142
142
142
142
142
141
141
141
141
141
140
140
140
140
140
139
139
139
139
139
139
139
139
139
139
139
139
138
138
138
138
138
138
138
138
138
138
138
138
138
137
137
137
137
137
137
136
136
136
136
136
136
136
136
136
136
136
136
136
136
135
135
135
135
135
135
135
135
135
135
135
135
135
135
134
134
134
134
134
133
133
133
133
133
133
133
133
133
133
133
132
132
132
132
132
132
132
132
132
132
132
132
131
131
131
131
131
131
131
131
131
131
130
130
130
130
130
130
130
130
129
129
129
129
129
129
129
129
129
129
129
129
129
129
128
128
128
128
128
128
128
127
127
127
127
127
127
127
127
126
126
126
126
126
126
126
126
126
126
126
126
126
126
126
126
126
126
125
125
125
125
125
125
125
125
125
124
124
124
124
124
124
124
124
124
124
124
124
124
124
123
123
123
123
123
123
123
123
123
123
123
123
123
123
123
123
122
122
122
122
122
122
122
122
122
122
122
122
122
122
122
121
121
121
121
121
121
121
121
121
121
121
121
121
121
121
121
121
120
120
120
120
120
120
120
120
120
120
120
120
120
119
119
119
119
119
119
119
119
119
119
119
118
118
118
118
118
118
118
118
118
118
118
118
118
118
118
117
117
117
117
117
117
117
116
116
116
116
116
116
115
115
115
115
115
115
115
115
114
114
114
114
114
114
114
114
114
114
114
114
114
114
114
113
113
113
113
113
113
113
113
113
113
113
113
112
112
112
112
112
112
112
112
112
112
112
112
112
112
112
111
111
111
111
111
111
111
111
111
111
111
111
111
111
111
110
110
110
110
110
110
110
110
110
110
110
110
110
109
109
109
109
109
109
109
109
109
109
109
108
108
108
108
108
108
108
108
108
108
108
108
108
108
108
107
107
107
107
107
107
107
107
107
107
107
106
106
106
106
106
106
106
105
105
105
105
105
105
105
105
105
105
105
105
105
105
105
105
105
104
104
104
104
104
104
104
104
104
104
104
103
103
103
103
103
103
102
102
102
102
102
102
102
102
102
102
102
102
102
101
101
101
101
101
101
101
101
101
101
101
101
100
100
100
100
100
100
100
100
100
100
100
100
100
100
100
100
100
99
99
99
99
99
99
99
99
99
99
99
99
99
99
99
99
99
99
98
98
98
98
98
98
98
98
97
97
97
97
97
97
97
97
97
97
97
97
97
97
96
96
96
96
96
96
96
96
96
96
96
96
96
96
96
96
95
95
95
95
95
95
95
95
95
95
95
95
95
95
95
95
95
95
95
94
94
94
94
94
94
94
94
94
94
94
94
94
94
94
94
94
93
93
93
93
93
93
93
93
93
93
93
93
93
93
93
93
93
93
92
92
92
92
92
92
92
92
92
92
92
92
92
92
92
92
92
92
92
92
92
91
91
91
91
91
91
91
91
91
91
91
90
90
90
90
90
90
90
90
90
90
90
90
89
89
89
89
89
89
89
89
89
89
89
89
89
89
89
89
89
89
89
89
89
89
89
89
88
88
88
88
88
88
88
88
88
88
88
88
88
88
88
87
87
87
87
87
87
87
87
87
87
87
87
87
87
87
87
86
86
86
86
86
86
86
86
86
86
86
86
86
86
86
86
86
86
86
85
85
85
85
85
85
85
85
85
85
85
85
85
85
85
84
84
84
84
84
84
84
84
84
84
84
84
84
84
84
84
84
84
83
83
83
83
83
83
83
83
83
83
83
83
83
83
83
83
83
83
83
83
83
83
83
82
82
82
82
82
82
82
82
82
82
82
82
82
82
82
82
82
81
81
81
81
81
81
81
81
81
81
81
81
81
81
81
81
80
80
80
80
80
80
80
80
80
80
80
80
80
80
79
79
79
79
79
79
79
79
79
79
79
79
79
79
79
79
79
79
78
78
78
78
78
78
78
78
78
78
78
78
78
78
78
78
78
78
77
77
77
77
77
77
77
77
77
77
77
77
77
77
77
77
77
77
77
77
77
77
77
77
77
77
76
76
76
76
76
76
76
76
76
76
76
76
76
76
76
76
76
75
75
75
75
75
75
75
75
75
75
75
75
75
75
75
75
75
75
75
74
74
74
74
74
74
74
74
74
74
74
74
74
74
74
74
74
74
74
74
74
74
73
73
73
73
73
73
73
73
73
73
73
73
73
73
73
73
73
73
73
72
72
72
72
72
72
72
72
72
72
72
72
72
72
72
72
72
72
72
72
72
72
72
72
71
71
71
71
71
71
71
71
71
71
71
71
71
71
71
71
71
71
71
71
71
71
71
71
71
70
70
70
70
70
70
70
70
70
70
70
70
70
70
70
70
70
70
70
70
70
70
70
70
70
70
70
70
69
69
69
69
69
69
69
69
69
69
69
69
69
69
69
69
69
69
69
68
68
68
68
68
68
68
68
68
68
68
68
68
68
68
68
68
68
68
68
68
68
68
68
68
68
68
68
68
68
67
67
67
67
67
67
67
67
67
67
67
67
67
67
67
67
67
67
67
67
67
67
67
67
67
67
67
66
66
66
66
66
66
66
66
66
66
66
66
66
66
66
65
65
65
65
65
65
65
65
65
65
65
65
65
65
64
64
64
64
64
64
64
64
64
64
64
64
64
64
64
64
64
64
64
64
64
64
64
64
64
64
64
64
64
64
63
63
63
63
63
63
63
63
63
63
63
63
63
63
63
63
63
63
63
63
63
63
63
63
63
63
63
63
63
63
62
62
62
62
62
62
62
62
62
62
62
62
62
62
62
62
62
62
62
62
62
62
62
62
62
62
62
62
61
61
61
61
61
61
61
61
61
61
61
61
61
61
61
61
61
61
61
61
61
61
61
61
61
61
61
61
61
61
61
61
61
60
60
60
60
60
60
60
60
60
60
60
60
60
60
60
60
60
60
60
60
60
59
59
59
59
59
59
59
59
59
59
59
59
59
59
59
59
59
59
59
59
59
59
59
59
59
59
59
59
59
59
59
58
58
58
58
58
58
58
58
58
58
58
58
58
58
58
58
58
58
58
58
58
58
58
58
58
58
58
58
58
58
58
58
58
58
58
58
58
58
58
58
58
57
57
57
57
57
57
57
57
57
57
57
57
57
57
57
57
57
57
57
57
57
57
57
57
57
57
57
57
57
57
56
56
56
56
56
56
56
56
56
56
56
56
56
56
56
56
56
56
56
56
56
56
56
56
56
56
56
56
56
56
56
55
55
55
55
55
55
55
55
55
55
55
55
55
55
55
55
55
55
55
55
55
55
55
55
55
55
55
55
55
55
55
55
55
55
55
55
55
54
54
54
54
54
54
54
54
54
54
54
54
54
54
54
54
54
54
54
54
54
54
54
54
54
54
54
53
53
53
53
53
53
53
53
53
53
53
53
53
53
53
53
53
53
53
53
53
53
53
53
53
53
53
53
53
53
52
52
52
52
52
52
52
52
52
52
52
52
52
52
52
52
52
52
52
52
52
52
52
52
52
52
52
52
52
52
52
52
52
52
51
51
51
51
51
51
51
51
51
51
51
51
51
51
51
51
51
51
51
51
51
51
51
51
51
51
51
51
51
50
50
50
50
50
50
50
50
50
50
50
50
50
50
50
50
50
50
50
50
50
50
50
50
50
50
50
50
50
50
50
50
50
50
50
50
50
50
50
49
49
49
49
49
49
49
49
49
49
49
49
49
49
49
49
49
49
49
49
49
49
49
49
49
49
49
49
49
49
49
49
49
49
49
49
49
49
49
49
49
48
48
48
48
48
48
48
48
48
48
48
48
48
48
48
48
48
48
48
48
48
48
48
48
48
48
48
48
48
48
48
48
48
48
48
48
47
47
47
47
47
47
47
47
47
47
47
47
47
47
47
47
47
47
47
47
47
47
47
47
47
47
47
47
47
47
47
47
47
47
46
46
46
46
46
46
46
46
46
46
46
46
46
46
46
46
46
46
46
46
46
46
46
46
46
46
46
46
46
46
46
46
46
46
46
46
46
46
46
46
45
45
45
45
45
45
45
45
45
45
45
45
45
45
45
45
45
45
45
45
45
45
45
45
45
45
45
45
45
45
45
45
45
45
45
45
45
45
45
45
45
45
45
45
45
44
44
44
44
44
44
44
44
44
44
44
44
44
44
44
44
44
44
44
44
44
44
44
44
44
44
44
44
44
44
44
44
44
44
44
44
44
44
44
44
44
44
44
44
44
44
44
44
44
44
44
44
44
44
44
43
43
43
43
43
43
43
43
43
43
43
43
43
43
43
43
43
43
43
43
43
43
43
43
43
43
43
43
43
43
43
43
43
43
42
42
42
42
42
42
42
42
42
42
42
42
42
42
42
42
42
42
42
42
42
42
42
42
42
42
42
42
42
42
42
42
42
42
42
42
42
42
42
42
42
42
42
42
42
42
42
42
42
42
41
41
41
41
41
41
41
41
41
41
41
41
41
41
41
41
41
41
41
41
41
41
41
41
41
41
41
41
41
41
41
41
41
41
41
41
41
41
41
41
41
41
40
40
40
40
40
40
40
40
40
40
40
40
40
40
40
40
40
40
40
40
40
40
40
40
40
40
40
40
40
40
40
40
40
40
40
40
40
40
40
40
40
39
39
39
39
39
39
39
39
39
39
39
39
39
39
39
39
39
39
39
39
39
39
39
39
39
39
39
39
39
39
39
39
39
39
39
39
39
39
39
39
38
38
38
38
38
38
38
38
38
38
38
38
38
38
38
38
38
38
38
38
38
38
38
38
38
38
38
38
38
38
38
38
38
38
38
38
38
38
38
38
38
38
38
38
38
38
38
38
38
37
37
37
37
37
37
37
37
37
37
37
37
37
37
37
37
37
37
37
37
37
37
37
37
37
37
37
37
37
37
37
37
37
37
37
37
37
37
37
37
37
37
37
37
37
37
37
37
37
37
37
37
37
37
37
36
36
36
36
36
36
36
36
36
36
36
36
36
36
36
36
36
36
36
36
36
36
36
36
36
36
36
36
36
36
36
36
36
36
36
36
36
36
36
36
36
36
36
36
36
36
36
36
36
36
36
36
36
36
36
36
36
36
36
36
35
35
35
35
35
35
35
35
35
35
35
35
35
35
35
35
35
35
35
35
35
35
35
35
35
35
35
35
35
35
35
35
35
35
35
35
35
35
35
35
35
35
35
35
35
35
35
35
35
35
35
35
35
35
34
34
34
34
34
34
34
34
34
34
34
34
34
34
34
34
34
34
34
34
34
34
34
34
34
34
34
34
34
34
34
34
34
34
34
34
34
34
34
34
34
34
34
34
34
34
34
34
34
34
34
34
34
34
34
34
33
33
33
33
33
33
33
33
33
33
33
33
33
33
33
33
33
33
33
33
33
33
33
33
33
33
33
33
33
33
33
33
33
33
33
33
33
33
33
33
33
33
33
33
33
33
33
33
33
33
33
33
33
33
33
33
33
33
33
33
32
32
32
32
32
32
32
32
32
32
32
32
32
32
32
32
32
32
32
32
32
32
32
32
32
32
32
32
32
32
32
32
32
32
32
32
32
32
32
32
32
32
32
32
32
32
32
32
32
32
32
32
32
32
32
32
32
32
32
32
32
32
32
32
32
32
32
31
31
31
31
31
31
31
31
31
31
31
31
31
31
31
31
31
31
31
31
31
31
31
31
31
31
31
31
31
31
31
31
31
31
31
31
31
31
31
31
31
31
31
31
31
31
31
31
31
31
31
31
31
31
31
31
31
31
31
31
31
31
31
31
31
31
31
31
31
31
31
30
30
30
30
30
30
30
30
30
30
30
30
30
30
30
30
30
30
30
30
30
30
30
30
30
30
30
30
30
30
30
30
30
30
30
30
30
30
30
30
30
30
30
30
30
30
30
30
30
30
30
30
30
30
30
30
30
30
30
30
30
30
30
30
30
30
30
30
30
29
29
29
29
29
29
29
29
29
29
29
29
29
29
29
29
29
29
29
29
29
29
29
29
29
29
29
29
29
29
29
29
29
29
29
29
29
29
29
29
29
29
29
29
29
29
29
29
29
29
29
29
29
29
29
29
29
29
29
29
29
29
29
29
29
29
29
29
29
29
29
29
29
29
29
29
29
29
29
29
29
29
29
29
29
29
29
29
28
28
28
28
28
28
28
28
28
28
28
28
28
28
28
28
28
28
28
28
28
28
28
28
28
28
28
28
28
28
28
28
28
28
28
28
28
28
28
28
28
28
28
28
28
28
28
28
28
28
28
28
28
28
28
28
28
28
28
28
28
28
28
28
28
28
28
28
28
28
28
28
28
28
28
28
28
28
28
28
28
28
28
28
28
28
28
28
28
28
28
28
28
28
28
28
27
27
27
27
27
27
27
27
27
27
27
27
27
27
27
27
27
27
27
27
27
27
27
27
27
27
27
27
27
27
27
27
27
27
27
27
27
27
27
27
27
27
27
27
27
27
27
27
27
27
27
27
27
27
27
27
27
27
27
27
27
27
27
27
27
27
27
27
27
27
27
27
27
27
27
27
27
27
27
27
27
27
27
27
27
27
27
27
27
27
27
27
27
27
27
27
27
27
27
26
26
26
26
26
26
26
26
26
26
26
26
26
26
26
26
26
26
26
26
26
26
26
26
26
26
26
26
26
26
26
26
26
26
26
26
26
26
26
26
26
26
26
26
26
26
26
26
26
26
26
26
26
26
26
26
26
26
26
26
26
26
26
26
26
26
26
26
26
26
26
26
26
26
26
26
26
26
26
26
26
26
26
26
26
26
26
26
26
26
26
26
26
26
26
26
26
25
25
25
25
25
25
25
25
25
25
25
25
25
25
25
25
25
25
25
25
25
25
25
25
25
25
25
25
25
25
25
25
25
25
25
25
25
25
25
25
25
25
25
25
25
25
25
25
25
25
25
25
25
25
25
25
25
25
25
25
25
25
25
25
25
25
25
25
25
25
25
25
25
25
25
25
25
25
25
25
25
25
25
25
25
25
25
25
25
25
25
25
25
25
25
25
25
25
25
25
25
25
25
24
24
24
24
24
24
24
24
24
24
24
24
24
24
24
24
24
24
24
24
24
24
24
24
24
24
24
24
24
24
24
24
24
24
24
24
24
24
24
24
24
24
24
24
24
24
24
24
24
24
24
24
24
24
24
24
24
24
24
24
24
24
24
24
24
24
24
24
24
24
24
24
24
24
24
24
24
24
24
24
24
24
24
24
24
24
24
24
24
24
24
24
24
24
24
24
24
24
24
24
24
24
24
24
24
24
24
24
24
24
23
23
23
23
23
23
23
23
23
23
23
23
23
23
23
23
23
23
23
23
23
23
23
23
23
23
23
23
23
23
23
23
23
23
23
23
23
23
23
23
23
23
23
23
23
23
23
23
23
23
23
23
23
23
23
23
23
23
23
23
23
23
23
23
23
23
23
23
23
23
23
23
23
23
23
23
23
23
23
23
23
23
23
23
23
23
23
23
23
23
23
23
23
23
23
23
23
23
23
23
23
22
22
22
22
22
22
22
22
22
22
22
22
22
22
22
22
22
22
22
22
22
22
22
22
22
22
22
22
22
22
22
22
22
22
22
22
22
22
22
22
22
22
22
22
22
22
22
22
22
22
22
22
22
22
22
22
22
22
22
22
22
22
22
22
22
22
22
22
22
22
22
22
22
22
22
22
22
22
22
22
22
22
22
22
22
22
22
22
22
22
22
22
22
22
22
22
22
22
22
22
22
22
22
22
22
22
22
22
22
22
22
22
22
22
22
22
21
21
21
21
21
21
21
21
21
21
21
21
21
21
21
21
21
21
21
21
21
21
21
21
21
21
21
21
21
21
21
21
21
21
21
21
21
21
21
21
21
21
21
21
21
21
21
21
21
21
21
21
21
21
21
21
21
21
21
21
21
21
21
21
21
21
21
21
21
21
21
21
21
21
21
21
21
21
21
21
21
21
21
21
21
21
21
21
21
21
21
21
21
21
21
21
21
21
21
21
21
21
21
21
21
21
21
21
21
21
21
21
21
21
21
21
21
21
21
21
21
21
21
21
21
21
21
21
21
21
21
21
20
20
20
20
20
20
20
20
20
20
20
20
20
20
20
20
20
20
20
20
20
20
20
20
20
20
20
20
20
20
20
20
20
20
20
20
20
20
20
20
20
20
20
20
20
20
20
20
20
20
20
20
20
20
20
20
20
20
20
20
20
20
20
20
20
20
20
20
20
20
20
20
20
20
20
20
20
20
20
20
20
20
20
20
20
20
20
20
20
20
20
20
20
20
20
20
20
20
20
20
20
20
20
20
20
20
20
20
20
20
20
20
20
20
20
20
20
20
20
19
19
19
19
19
19
19
19
19
19
19
19
19
19
19
19
19
19
19
19
19
19
19
19
19
19
19
19
19
19
19
19
19
19
19
19
19
19
19
19
19
19
19
19
19
19
19
19
19
19
19
19
19
19
19
19
19
19
19
19
19
19
19
19
19
19
19
19
19
19
19
19
19
19
19
19
19
19
19
19
19
19
19
19
19
19
19
19
19
19
19
19
19
19
19
19
19
19
19
19
19
19
19
19
19
19
19
19
19
19
19
19
19
19
19
19
19
19
19
19
19
19
19
19
19
19
19
19
19
19
19
19
19
19
19
19
19
19
19
19
19
19
19
19
19
19
19
18
18
18
18
18
18
18
18
18
18
18
18
18
18
18
18
18
18
18
18
18
18
18
18
18
18
18
18
18
18
18
18
18
18
18
18
18
18
18
18
18
18
18
18
18
18
18
18
18
18
18
18
18
18
18
18
18
18
18
18
18
18
18
18
18
18
18
18
18
18
18
18
18
18
18
18
18
18
18
18
18
18
18
18
18
18
18
18
18
18
18
18
18
18
18
18
18
18
18
18
18
18
18
18
18
18
18
18
18
18
18
18
18
18
18
18
18
18
18
18
18
18
18
18
18
18
18
18
18
18
18
18
18
18
18
18
18
18
18
18
18
18
18
18
18
18
18
18
18
18
18
18
18
18
18
18
18
18
18
18
18
18
18
18
18
18
18
17
17
17
17
17
17
17
17
17
17
17
17
17
17
17
17
17
17
17
17
17
17
17
17
17
17
17
17
17
17
17
17
17
17
17
17
17
17
17
17
17
17
17
17
17
17
17
17
17
17
17
17
17
17
17
17
17
17
17
17
17
17
17
17
17
17
17
17
17
17
17
17
17
17
17
17
17
17
17
17
17
17
17
17
17
17
17
17
17
17
17
17
17
17
17
17
17
17
17
17
17
17
17
17
17
17
17
17
17
17
17
17
17
17
17
17
17
17
17
17
17
17
17
17
17
17
17
17
17
17
17
17
17
17
17
17
17
17
17
17
17
17
17
17
17
17
17
17
17
17
17
17
17
17
17
17
17
17
17
17
17
17
17
17
17
17
17
17
17
17
17
17
17
17
17
17
17
17
17
17
17
17
17
17
17
17
17
17
17
17
17
17
17
17
17
17
17
17
17
17
17
17
17
17
17
17
17
17
17
17
17
17
17
17
17
17
17
17
17
17
17
17
17
17
17
17
17
17
17
17
17
17
17
17
17
17
17
16
16
16
16
16
16
16
16
16
16
16
16
16
16
16
16
16
16
16
16
16
16
16
16
16
16
16
16
16
16
16
16
16
16
16
16
16
16
16
16
16
16
16
16
16
16
16
16
16
16
16
16
16
16
16
16
16
16
16
16
16
16
16
16
16
16
16
16
16
16
16
16
16
16
16
16
16
16
16
16
16
16
16
16
16
16
16
16
16
16
16
16
16
16
16
16
16
16
16
16
16
16
16
16
16
16
16
16
16
16
16
16
16
16
16
16
16
16
16
16
16
16
16
16
16
16
16
16
16
16
16
16
16
16
16
16
16
16
16
16
16
16
16
16
16
16
16
16
16
16
16
16
16
16
16
16
16
16
16
16
16
16
16
16
16
16
16
16
16
16
16
16
16
16
16
16
16
16
16
16
16
16
16
16
16
16
16
16
16
16
16
16
16
16
16
16
16
16
16
16
16
16
16
16
16
16
16
16
16
16
16
16
16
16
16
16
16
16
16
16
16
16
16
16
16
16
16
16
16
16
16
16
16
16
16
16
16
16
16
16
16
16
16
16
16
16
16
16
16
16
16
16
16
16
16
16
16
16
16
16
16
16
16
16
16
16
16
15
15
15
15
15
15
15
15
15
15
15
15
15
15
15
15
15
15
15
15
15
15
15
15
15
15
15
15
15
15
15
15
15
15
15
15
15
15
15
15
15
15
15
15
15
15
15
15
15
15
15
15
15
15
15
15
15
15
15
15
15
15
15
15
15
15
15
15
15
15
15
15
15
15
15
15
15
15
15
15
15
15
15
15
15
15
15
15
15
15
15
15
15
15
15
15
15
15
15
15
15
15
15
15
15
15
15
15
15
15
15
15
15
15
15
15
15
15
15
15
15
15
15
15
15
15
15
15
15
15
15
15
15
15
15
15
15
15
15
15
15
15
15
15
15
15
15
15
15
15
15
15
15
15
15
15
15
15
15
15
15
15
15
15
15
15
15
15
15
15
15
15
15
15
15
15
15
15
15
15
15
15
15
15
15
15
15
15
15
15
15
15
15
15
15
15
15
15
15
15
15
15
15
15
15
15
15
15
15
15
15
15
15
15
15
15
15
15
15
15
15
15
15
15
15
15
15
15
15
15
15
15
15
15
15
15
15
15
15
15
15
15
15
15
15
15
15
15
15
15
15
15
15
15
15
15
15
15
15
15
15
15
15
15
15
15
15
15
15
15
15
15
15
15
15
15
15
15
15
15
15
15
15
15
15
15
15
15
15
15
15
15
15
15
15
15
15
15
15
15
15
15
15
15
15
15
15
15
15
15
15
15
15
15
15
15
15
15
15
15
15
15
15
15
15
14
14
14
14
14
14
14
14
14
14
14
14
14
14
14
14
14
14
14
14
14
14
14
14
14
14
14
14
14
14
14
14
14
14
14
14
14
14
14
14
14
14
14
14
14
14
14
14
14
14
14
14
14
14
14
14
14
14
14
14
14
14
14
14
14
14
14
14
14
14
14
14
14
14
14
14
14
14
14
14
14
14
14
14
14
14
14
14
14
14
14
14
14
14
14
14
14
14
14
14
14
14
14
14
14
14
14
14
14
14
14
14
14
14
14
14
14
14
14
14
14
14
14
14
14
14
14
14
14
14
14
14
14
14
14
14
14
14
14
14
14
14
14
14
14
14
14
14
14
14
14
14
14
14
14
14
14
14
14
14
14
14
14
14
14
14
14
14
14
14
14
14
14
14
14
14
14
14
14
14
14
14
14
14
14
14
14
14
14
14
14
14
14
14
14
14
14
14
14
14
14
14
14
14
14
14
14
14
14
14
14
14
14
14
14
14
14
14
14
14
14
14
14
14
14
14
14
14
14
14
14
14
14
14
14
14
14
14
14
14
14
14
14
14
14
14
14
14
14
14
14
14
14
14
14
14
14
14
14
14
14
14
14
14
14
14
14
14
14
14
14
14
14
14
14
14
14
14
14
14
14
14
14
14
14
14
14
14
14
14
14
14
14
14
14
14
14
14
14
14
14
14
14
14
14
14
14
14
14
14
14
14
14
14
14
14
14
14
14
14
14
14
14
14
14
14
14
14
14
14
14
14
14
14
14
14
14
14
14
14
14
14
14
14
14
14
14
14
14
14
14
14
14
14
14
14
14
14
14
14
14
14
14
14
14
14
14
14
14
14
14
14
14
14
14
14
14
14
14
14
14
14
14
14
14
14
14
14
14
14
14
14
14
14
14
14
14
14
14
14
14
14
14
14
14
14
14
14
14
14
14
14
14
14
14
14
14
14
14
14
14
14
14
14
14
14
14
14
14
14
14
14
14
14
13
13
13
13
13
13
13
13
13
13
13
13
13
13
13
13
13
13
13
13
13
13
13
13
13
13
13
13
13
13
13
13
13
13
13
13
13
13
13
13
13
13
13
13
13
13
13
13
13
13
13
13
13
13
13
13
13
13
13
13
13
13
13
13
13
13
13
13
13
13
13
13
13
13
13
13
13
13
13
13
13
13
13
13
13
13
13
13
13
13
13
13
13
13
13
13
13
13
13
13
13
13
13
13
13
13
13
13
13
13
13
13
13
13
13
13
13
13
13
13
13
13
13
13
13
13
13
13
13
13
13
13
13
13
13
13
13
13
13
13
13
13
13
13
13
13
13
13
13
13
13
13
13
13
13
13
13
13
13
13
13
13
13
13
13
13
13
13
13
13
13
13
13
13
13
13
13
13
13
13
13
13
13
13
13
13
13
13
13
13
13
13
13
13
13
13
13
13
13
13
13
13
13
13
13
13
13
13
13
13
13
13
13
13
13
13
13
13
13
13
13
13
13
13
13
13
13
13
13
13
13
13
13
13
13
13
13
13
13
13
13
13
13
13
13
13
13
13
13
13
13
13
13
13
13
13
13
13
13
13
13
13
13
13
13
13
13
13
13
13
13
13
13
13
13
13
13
13
13
13
13
13
13
13
13
13
13
13
13
13
13
13
13
13
13
13
13
13
13
13
13
13
13
13
13
13
13
13
13
13
13
13
13
13
13
13
13
13
13
13
13
13
13
13
13
13
13
13
13
13
13
13
13
13
13
13
13
13
13
13
13
13
13
13
13
13
13
13
13
13
13
13
13
13
13
13
13
13
13
13
13
13
13
13
13
13
13
13
13
13
13
13
13
13
13
13
13
13
13
13
13
13
13
13
13
13
13
13
13
13
13
13
13
13
13
13
13
13
13
13
13
13
13
13
13
13
13
13
13
13
13
13
13
13
13
13
13
13
13
13
13
13
13
13
13
13
13
13
13
13
13
13
13
13
13
13
13
13
13
13
13
13
13
13
13
13
13
13
13
13
13
13
13
13
13
13
13
13
13
13
13
13
13
13
13
13
13
13
13
13
13
13
13
13
13
13
13
13
13
13
13
13
13
13
13
13
13
13
13
13
13
13
13
13
13
13
13
13
13
13
13
13
13
13
13
13
13
13
13
13
13
13
13
13
13
13
13
13
13
13
13
13
13
13
13
13
13
13
13
13
13
13
13
13
13
13
13
13
13
13
13
13
13
13
13
13
13
12
12
12
12
12
12
12
12
12
12
12
12
12
12
12
12
12
12
12
12
12
12
12
12
12
12
12
12
12
12
12
12
12
12
12
12
12
12
12
12
12
12
12
12
12
12
12
12
12
12
12
12
12
12
12
12
12
12
12
12
12
12
12
12
12
12
12
12
12
12
12
12
12
12
12
12
12
12
12
12
12
12
12
12
12
12
12
12
12
12
12
12
12
12
12
12
12
12
12
12
12
12
12
12
12
12
12
12
12
12
12
12
12
12
12
12
12
12
12
12
12
12
12
12
12
12
12
12
12
12
12
12
12
12
12
12
12
12
12
12
12
12
12
12
12
12
12
12
12
12
12
12
12
12
12
12
12
12
12
12
12
12
12
12
12
12
12
12
12
12
12
12
12
12
12
12
12
12
12
12
12
12
12
12
12
12
12
12
12
12
12
12
12
12
12
12
12
12
12
12
12
12
12
12
12
12
12
12
12
12
12
12
12
12
12
12
12
12
12
12
12
12
12
12
12
12
12
12
12
12
12
12
12
12
12
12
12
12
12
12
12
12
12
12
12
12
12
12
12
12
12
12
12
12
12
12
12
12
12
12
12
12
12
12
12
12
12
12
12
12
12
12
12
12
12
12
12
12
12
12
12
12
12
12
12
12
12
12
12
12
12
12
12
12
12
12
12
12
12
12
12
12
12
12
12
12
12
12
12
12
12
12
12
12
12
12
12
12
12
12
12
12
12
12
12
12
12
12
12
12
12
12
12
12
12
12
12
12
12
12
12
12
12
12
12
12
12
12
12
12
12
12
12
12
12
12
12
12
12
12
12
12
12
12
12
12
12
12
12
12
12
12
12
12
12
12
12
12
12
12
12
12
12
12
12
12
12
12
12
12
12
12
12
12
12
12
12
12
12
12
12
12
12
12
12
12
12
12
12
12
12
12
12
12
12
12
12
12
12
12
12
12
12
12
12
12
12
12
12
12
12
12
12
11
11
11
11
11
11
11
11
11
11
11
11
11
11
11
11
11
11
11
11
11
11
11
11
11
11
11
11
11
11
11
11
11
11
11
11
11
11
11
11
11
11
11
11
11
11
11
11
11
11
11
11
11
11
11
11
11
11
11
11
11
11
11
11
11
11
11
11
11
11
11
11
11
11
11
11
11
11
11
11
11
11
11
11
11
11
11
11
11
11
11
11
11
11
11
11
11
11
11
11
11
11
11
11
11
11
11
11
11
11
11
11
11
11
11
11
11
11
11
11
11
11
11
11
11
11
11
11
11
11
11
11
11
11
11
11
11
11
11
11
11
11
11
11
11
11
11
11
11
11
11
11
11
11
11
11
11
11
11
11
11
11
11
11
11
11
11
11
11
11
11
11
11
11
11
11
11
11
11
11
11
11
11
11
11
11
11
11
11
11
11
11
11
11
11
11
11
11
11
11
11
11
11
11
11
11
11
11
11
11
11
11
11
11
11
11
11
11
11
11
11
11
11
11
11
11
11
11
11
11
11
11
11
11
11
11
11
11
11
11
11
11
11
11
11
11
11
11
11
11
11
11
11
11
11
11
11
11
11
11
11
11
11
11
11
11
11
11
11
11
11
11
11
11
11
11
11
11
11
11
11
11
11
11
11
11
11
11
11
11
11
11
11
11
11
11
11
11
11
11
11
11
11
11
11
11
11
11
11
11
11
11
11
11
11
11
11
11
11
11
11
11
11
11
11
11
11
11
11
11
11
11
11
11
11
11
11
11
11
11
11
11
11
11
11
11
11
11
11
11
11
11
11
11
11
11
11
11
11
11
11
11
11
11
11
11
11
11
11
11
11
11
11
11
11
11
11
11
11
11
11
11
11
11
11
11
11
11
11
11
11
11
11
11
11
11
11
11
11
11
11
11
11
11
11
11
11
11
11
11
11
11
11
11
11
11
11
11
11
11
11
11
11
11
11
11
11
11
11
11
11
11
11
11
11
11
11
11
11
11
11
11
11
11
11
11
11
11
11
11
11
11
11
11
11
11
11
11
11
11
11
11
11
11
11
11
11
11
11
11
11
11
11
11
11
11
11
11
11
11
11
11
11
11
11
11
11
11
11
11
11
11
11
11
11
11
11
11
11
11
11
11
11
11
11
11
11
11
11
11
11
11
11
11
11
11
11
11
11
11
11
11
11
11
11
11
11
11
11
11
11
11
11
11
11
11
11
11
11
11
11
11
11
11
11
11
11
11
11
11
11
11
11
11
11
11
11
11
11
11
11
11
11
11
11
11
11
11
11
11
11
11
11
11
11
11
11
11
10
10
10
10
10
10
10
10
10
10
10
10
10
10
10
10
10
10
10
10
10
10
10
10
10
10
10
10
10
10
10
10
10
10
10
10
10
10
10
10
10
10
10
10
10
10
10
10
10
10
10
10
10
10
10
10
10
10
10
10
10
10
10
10
10
10
10
10
10
10
10
10
10
10
10
10
10
10
10
10
10
10
10
10
10
10
10
10
10
10
10
10
10
10
10
10
10
10
10
10
10
10
10
10
10
10
10
10
10
10
10
10
10
10
10
10
10
10
10
10
10
10
10
10
10
10
10
10
10
10
10
10
10
10
10
10
10
10
10
10
10
10
10
10
10
10
10
10
10
10
10
10
10
10
10
10
10
10
10
10
10
10
10
10
10
10
10
10
10
10
10
10
10
10
10
10
10
10
10
10
10
10
10
10
10
10
10
10
10
10
10
10
10
10
10
10
10
10
10
10
10
10
10
10
10
10
10
10
10
10
10
10
10
10
10
10
10
10
10
10
10
10
10
10
10
10
10
10
10
10
10
10
10
10
10
10
10
10
10
10
10
10
10
10
10
10
10
10
10
10
10
10
10
10
10
10
10
10
10
10
10
10
10
10
10
10
10
10
10
10
10
10
10
10
10
10
10
10
10
10
10
10
10
10
10
10
10
10
10
10
10
10
10
10
10
10
10
10
10
10
10
10
10
10
10
10
10
10
10
10
10
10
10
10
10
10
10
10
10
10
10
10
10
10
10
10
10
10
10
10
10
10
10
10
10
10
10
10
10
10
10
10
10
10
10
10
10
10
10
10
10
10
10
10
10
10
10
10
10
10
10
10
10
10
10
10
10
10
10
10
10
10
10
10
10
10
10
10
10
10
10
10
10
10
10
10
10
10
10
10
10
10
10
10
10
10
10
10
10
10
10
10
10
10
10
10
10
10
10
10
10
10
10
10
10
10
10
10
10
10
10
10
10
10
10
10
10
10
10
10
10
10
10
10
10
10
10
10
10
10
10
10
10
10
10
10
10
10
10
10
10
10
10
10
10
10
10
10
10
10
10
10
10
10
10
10
10
10
10
10
10
10
10
10
10
10
10
10
10
10
10
10
10
10
10
10
10
10
10
10
10
10
10
10
10
10
10
10
10
10
10
10
10
10
10
10
10
10
10
10
10
10
10
10
10
10
10
10
10
10
10
10
10
10
10
10
10
10
10
10
10
10
10
10
10
10
10
10
10
10
10
10
10
10
10
10
10
10
10
10
10
10
10
10
10
10
10
10
10
10
10
10
10
10
10
